uiopen('C:\Users\Master\Documents\MATLAB\MatLab01.txt',1)
A

A =

  -1.000000000000000   6.000000000000000  -0.900000000000000
   0.250000000000000  10.000000000000000  12.000000000000000
   7.000000000000000  12.000000000000000  -3.000000000000000

A'

ans =

  -1.000000000000000   0.250000000000000   7.000000000000000
   6.000000000000000  10.000000000000000  12.000000000000000
  -0.900000000000000  12.000000000000000  -3.000000000000000

A*A'

ans =

  1.0e+002 *

   0.378100000000000   0.489500000000000   0.677000000000000
   0.489500000000000   2.440625000000000   0.857500000000000
   0.677000000000000   0.857500000000000   2.020000000000000

diary off
